0 10 -1 -1 -1 -1 -1 -1 -1 -1 -1 -1 -1 -1
10 0 8.5 -1 -1 -1 -1 -1 10 3.5 -1 -1 -1 -1
-1 8.5 0 6.3 -1 -1 -1 -1 9.4 -1 -1 -1 18.7 -1
-1 -1 6.3 0 13 -1 -1 15.3 -1 -1 -1 -1 12.8 -1
-1 -1 -1 13 0 3 2.4 30 -1 -1 -1 -1 -1 -1
-1 -1 -1 -1 3 0 -1 -1 -1 -1 -1 -1 -1 -1
-1 -1 -1 -1 2.4 -1 0 -1 -1 -1 -1 -1 -1 -1
-1 -1 -1 15.3 30 -1 -1 0 9.6 -1 -1 6.4 -1 -1
-1 10 9.4 -1 -1 -1 -1 9.6 0 -1 12.2 -1 -1 -1
-1 3.5 -1 -1 -1 -1 -1 -1 -1 0 -1 -1 -1 -1
-1 -1 -1 -1 -1 -1 -1 -1 12.2 -1 0 -1 -1 -1
-1 -1 -1 -1 -1 -1 -1 6.4 -1 -1 -1 0 -1 -1
-1 -1 18.7 12.8 -1 -1 -1 -1 -1 -1 -1 -1 0 5.1
-1 -1 -1 -1 -1 -1 -1 -1 -1 -1 -1 -1 5.1 0